step,channel_53,channel_27,channel_22,channel_20,channel_54,channel_3,channel_14,channel_55,channel_52,channel_13,channel_23,channel_5,channel_59,channel_12,channel_40,channel_18,channel_25,channel_35,channel_10,channel_78,channel_45,channel_16,channel_50,channel_85,channel_29,channel_86,channel_43,channel_8,channel_60,channel_57,channel_61,channel_38,channel_47,channel_17,channel_108,channel_51,channel_37,channel_30,channel_79,channel_94,channel_113,channel_4,channel_48,channel_87,channel_92,channel_58,channel_90,channel_115,channel_62,channel_114
0,2.8806414775317535e-05,1.2903426068078261e-05,2.771939580270555e-05,3.1891973776509985e-05,2.3894166588434018e-05,3.264724728069268e-05,1.7474763808422722e-05,3.519518577377312e-05,9.247029083780944e-06,2.5529976483085193e-05,5.545150997932069e-05,1.3446536286210176e-05,1.5931322195683606e-05,3.0297478588181548e-05,2.904908251366578e-05,4.567762516671792e-05,5.928224709350616e-05,5.9776630223495886e-05,2.2757969418307766e-05,9.377771675644908e-06,3.609531631809659e-05,1.6224377759499475e-05,1.4228809959604405e-05,8.052043085626792e-06,1.7861530068330467e-05,7.896299393905792e-06,5.712703205063008e-05,3.727386865648441e-05,5.940780829405412e-05,4.307375638745725e-05,7.77378591010347e-05,2.8802372980862856e-05,2.2162652385304682e-05,2.05313535843743e-05,2.137033334292937e-05,2.456377842463553e-05,2.664971907506697e-05,8.724170038476586e-05,2.0312443666625768e-05,1.2747940672852565e-05,1.2329454875725787e-05,3.771715273614973e-05,9.340747783426195e-05,7.33561546439887e-06,3.367920726304874e-05,9.461645095143467e-05,1.1444775736890733e-05,1.2306702956266236e-05,8.739704207982868e-05,3.323728378745727e-05
100,3.225805994588882e-05,3.455577098065987e-05,3.764283246709965e-05,4.394252391648479e-05,4.8177651478908956e-05,4.8065845476230606e-05,4.792971958522685e-05,5.121053254697472e-05,3.8973699702182785e-05,4.200315015623346e-05,3.1263683922588825e-05,5.392111779656261e-05,5.641223106067628e-05,5.6651744671398774e-05,5.838031938765198e-05,5.919364048168063e-05,5.484394569066353e-05,3.806363383773714e-05,4.256408283254132e-05,6.248689896892756e-05,6.524471973534673e-05,6.562873022630811e-05,4.699914643424563e-05,3.474680124782026e-05,4.660189006244764e-05,3.937482324545272e-05,7.288805500138551e-05,7.32378612156026e-05,6.361232226481661e-05,7.454976002918556e-05,5.6153796322178096e-05,7.773286779411137e-05,7.931450090836734e-05,8.288947719847783e-05,6.161722558317706e-05,8.475017239106819e-05,8.62739616422914e-05,3.087782897637226e-05,6.915508129168302e-05,3.628978447522968e-05,6.010765355313197e-05,6.635293539147824e-05,5.772064832854085e-05,9.39848687266931e-05,7.00424934620969e-05,7.987411663634703e-05,3.307343285996467e-05,9.536559082334861e-05,9.642102668294683e-05,5.115323074278422e-05
200,2.208176738349721e-05,2.7528742066351697e-05,3.6200552131049335e-05,3.0105336918495595e-05,3.061475217691623e-05,4.900055137113668e-05,3.830167042906396e-05,3.552683483576402e-05,2.842982030415442e-05,4.1523962863720953e-05,3.0096794944256544e-05,5.0577604270074517e-05,2.7503281671670265e-05,5.295316077535972e-05,4.203469870844856e-05,3.94732560380362e-05,3.797476529143751e-05,3.5377208405407146e-05,4.550485755316913e-05,3.25202418025583e-05,4.235889355186373e-05,4.1075501940213144e-05,4.692399670602754e-05,3.930061939172447e-05,6.804276199545711e-05,6.910063530085608e-05,4.929460192215629e-05,4.6660796215292066e-05,4.606930087902583e-05,5.805928594782017e-05,2.9828246624674648e-05,6.186170503497124e-05,3.6634901334764436e-05,5.766688991570845e-05,3.747234586626291e-05,5.786602559965104e-05,7.722542795818299e-05,1.8323082258575596e-05,5.6462205975549296e-05,3.9213122363435104e-05,4.3597752664936706e-05,6.650161958532408e-05,4.501984949456528e-05,4.161494871368632e-05,5.804580359836109e-05,4.547016942524351e-05,3.1574683816870674e-05,3.640051363618113e-05,4.788989099324681e-05,5.3542178648058325e-05
300,2.4714765459066257e-05,3.5362449125386775e-05,3.102796108578332e-05,3.0464665542240255e-05,2.9727658329647966e-05,3.9111786463763565e-05,5.031577165937051e-05,3.9253362047020346e-05,4.152407927904278e-05,5.163026071386412e-05,2.4498272978235036e-05,4.641775012714788e-05,3.1693092751083896e-05,3.64372790500056e-05,4.836263178731315e-05,5.7662109611555934e-05,5.367583435145207e-05,4.815754800802097e-05,6.470196240115911e-05,4.9043464969145134e-05,4.55696826975327e-05,6.22817751718685e-05,4.316159538575448e-05,4.1050381696550176e-05,5.828269058838487e-05,4.134250048082322e-05,5.718867396353744e-05,4.4950476876692846e-05,4.8383113607997075e-05,4.90265192638617e-05,4.08960368076805e-05,5.679394234903157e-05,6.278330693021417e-05,4.8420301027363166e-05,3.7577745388261974e-05,4.937297126161866e-05,8.686619548825547e-05,2.3525952201453038e-05,5.439143205876462e-05,3.4510358091210946e-05,5.596341725322418e-05,4.8629379307385534e-05,3.530935282469727e-05,4.817923763766885e-05,6.0040169046260417e-05,5.887846782570705e-05,5.186361522646621e-05,4.656439341488294e-05,4.715485920314677e-05,4.248935147188604e-05
400,1.389961653330829e-05,1.6469146430608816e-05,1.757148675096687e-05,1.8860166164813563e-05,1.775295277184341e-05,1.8252010704600252e-05,2.0646177290473133e-05,1.9776531189563684e-05,2.594306533865165e-05,2.1795218344777822e-05,1.9462921045487747e-05,2.4120849047903903e-05,1.8285065380041488e-05,1.6634170606266707e-05,1.4885572454659268e-05,2.1914238459430635e-05,2.285908158228267e-05,2.3290100216399878e-05,2.39388391491957e-05,2.3768430764903314e-05,2.0852503439527936e-05,2.507790304662194e-05,2.6366204110672697e-05,2.1427538740681484e-05,2.380329715379048e-05,3.799715341301635e-05,2.2490690753329545e-05,2.4179305910365656e-05,2.5304645532742143e-05,2.7667121685226448e-05,1.918897578434553e-05,3.562699203030206e-05,2.24137711484218e-05,2.129410313500557e-05,5.5594693549210206e-05,2.5429124434594996e-05,2.8317976102698594e-05,6.4500463849981315e-06,2.033834061876405e-05,8.869861630955711e-05,3.1785821192897856e-05,9.248058631783351e-05,2.907387533923611e-05,2.0741850676131435e-05,3.769453542190604e-05,1.9803268514806405e-05,4.871865166933276e-05,3.615771856857464e-05,2.566028524597641e-05,7.530589937232435e-05
500,2.31596059165895e-05,1.2995386896363925e-05,1.7568336261319928e-05,1.8289019863004796e-05,2.16249445657013e-05,2.1517324057640508e-05,2.03947438421892e-05,2.0161889551673084e-05,2.5597719286452048e-05,2.3390757633023895e-05,1.8754317352431826e-05,2.584111462056171e-05,2.2449072275776416e-05,1.7644380932324566e-05,1.764693843142595e-05,2.430708809697535e-05,4.037026519654319e-05,2.8182197638670914e-05,2.5280962290707976e-05,3.09951210510917e-05,3.272827234468423e-05,2.897787999245338e-05,1.9334758690092713e-05,3.188847404089756e-05,2.7495141694089398e-05,3.0836727091809735e-05,3.108084638370201e-05,2.2898708266438916e-05,2.8826283596572466e-05,3.185813329764642e-05,2.1051680960226804e-05,3.511975228320807e-05,2.447046608722303e-05,2.0567793399095535e-05,4.569619341054931e-05,2.5234829081455246e-05,4.461974458536133e-05,5.984265499137109e-06,4.249123958288692e-05,4.636396261048503e-05,3.137015664833598e-05,2.8738346372847445e-05,2.457436130498536e-05,3.5626551834866405e-05,3.577433744794689e-05,2.5821002054726705e-05,2.644960295583587e-05,2.173235043301247e-05,3.6093111702939495e-05,5.99572085775435e-05
600,1.2657244042202365e-05,2.0612027583410963e-05,1.9980901925009675e-05,1.4711858966620639e-05,2.371027585468255e-05,1.8460532373865135e-05,1.9211469407309778e-05,2.8216363716637716e-05,2.4901046344893984e-05,1.2452217561076395e-05,1.0277205547026824e-05,2.7977501304121688e-05,1.5398542018374428e-05,1.9136648916173726e-05,1.9439083189354278e-05,2.3699767552898265e-05,4.6104170905891806e-05,3.350006591062993e-05,2.261835652461741e-05,4.7729092329973355e-05,1.9432914996286854e-05,2.9324950446607545e-05,1.7506717995274812e-05,2.3580878405482508e-05,2.4114688130794093e-05,3.408224802115001e-05,1.4626970369135961e-05,3.016649316123221e-05,1.4541847122018225e-05,4.590826210915111e-05,1.588266241014935e-05,3.0396822694456205e-05,2.4404949726886116e-05,2.8473643396864645e-05,4.052997974213213e-05,2.6054771296912804e-05,3.150879274471663e-05,1.3162323739379644e-05,2.5019229724421166e-05,2.983717422466725e-05,3.306798680569045e-05,2.9560864277300425e-05,1.8407290554023348e-05,3.766559166251682e-05,2.467550257279072e-05,2.968672379211057e-05,4.964014078723267e-05,2.8262486011954024e-05,2.7935870093642734e-05,2.263000533275772e-05
700,3.210936120012775e-05,2.7620109904091805e-05,2.152700471924618e-05,1.805199462978635e-05,2.1431318600662053e-05,2.4134340492310002e-05,2.7839278118335642e-05,3.241113881813362e-05,4.651509880204685e-05,3.670299338409677e-05,1.7532856873003766e-05,2.2379363144864328e-05,1.976711064344272e-05,2.7262294679530896e-05,2.5434339477214962e-05,2.3767486709402874e-05,2.77509716397617e-05,3.7780690036015585e-05,2.1318519429769367e-05,3.784550426644273e-05,2.3542032067780383e-05,2.8153475795988925e-05,3.206697147106752e-05,5.200580199016258e-05,2.3805978344171308e-05,2.2875567083247006e-05,2.1103585822856985e-05,2.6608451662468724e-05,3.8097419746918604e-05,2.818533539539203e-05,2.1856420062249526e-05,2.8032311092829332e-05,3.564051439752802e-05,1.6393849364249036e-05,2.062516796286218e-05,3.2769654353614897e-05,3.822895450866781e-05,1.004002751869848e-05,3.101448237430304e-05,2.4806888177408837e-05,2.6004794563050382e-05,2.4856888558133505e-05,1.9787381461355835e-05,3.9335322071565315e-05,3.0307952329167165e-05,2.3867376512498595e-05,1.9872957636835054e-05,1.714985046419315e-05,2.526007119740825e-05,6.356486846925691e-05
800,1.5610517948516645e-05,2.610297451610677e-05,2.033399505307898e-05,1.5163831449171994e-05,3.539376120897941e-05,2.1796928194817156e-05,1.6729420167393982e-05,4.296730912756175e-05,1.9674020222737454e-05,2.0427018171176314e-05,1.4259145245887339e-05,3.94141097785905e-05,1.613383756193798e-05,4.077497578691691e-05,1.8396058294456452e-05,3.462612221483141e-05,3.0083068850217387e-05,3.2839045161381364e-05,3.5335684515303e-05,2.0500083337537944e-05,4.8255147703457624e-05,4.302992601878941e-05,1.6820724340504967e-05,6.746162398485467e-05,2.28604822041234e-05,5.664910713676363e-05,2.6982555937138386e-05,2.369754838582594e-05,2.0898485672660172e-05,3.3601441828068346e-05,1.625534423510544e-05,3.703054244397208e-05,2.474702887411695e-05,3.40916303684935e-05,4.1203042201232165e-05,2.563744601502549e-05,3.976718653575517e-05,7.445634309988236e-06,1.8090071534970775e-05,3.62517312169075e-05,3.517779987305403e-05,7.245883898576722e-05,2.650748865562491e-05,3.634541644714773e-05,6.665395630989224e-05,2.63238835032098e-05,2.6031988454633392e-05,2.8638727599172853e-05,6.153735012048855e-05,2.7706437322194688e-05
900,1.585385325597599e-05,2.7834195861942135e-05,2.729036168602761e-05,3.648926576715894e-05,1.607624835742172e-05,1.968888500414323e-05,2.5749332053237595e-05,2.0575609596562572e-05,1.7251804820261896e-05,2.278887950524222e-05,1.4653843209089246e-05,4.6088796807453036e-05,2.18120330828242e-05,2.38539396377746e-05,3.563666177797131e-05,3.7836718547623605e-05,4.650117625715211e-05,1.8943132090498693e-05,3.6820660170633346e-05,1.948757744685281e-05,3.249296059948392e-05,3.0271181458374485e-05,1.8418262698105536e-05,2.9137032470316626e-05,2.7629917894955724e-05,6.464662146754563e-05,3.7582973163807765e-05,3.755716170417145e-05,2.2037704184185714e-05,3.690909579745494e-05,3.316791480756365e-05,6.04370106884744e-05,2.768394369923044e-05,3.045350058528129e-05,2.0252482499927282e-05,3.021361590072047e-05,3.522469705785625e-05,7.947474841785152e-06,1.683528535068035e-05,2.8412279789336026e-05,3.8300600863294676e-05,4.1518054786138237e-05,2.289604344696272e-05,2.1659348931279965e-05,4.06247672799509e-05,2.920104452641681e-05,4.69890255772043e-05,2.774844142550137e-05,3.554920112947002e-05,5.39067987119779e-05
1000,1.6174990378203802e-05,1.3187595868657809e-05,2.3563938157167286e-05,1.3249964467831887e-05,2.147620398318395e-05,2.3114924260880798e-05,3.260297671658918e-05,2.1211422790656798e-05,2.44445964199258e-05,3.257414573454298e-05,2.177972419303842e-05,2.164116631320212e-05,3.6358778743306175e-05,3.973457933170721e-05,2.0876084818155505e-05,2.602857057354413e-05,3.455530168139376e-05,3.2862648367881775e-05,2.4116745407809503e-05,4.998010626877658e-05,3.554821159923449e-05,2.6642806915333495e-05,1.9237559172324836e-05,4.391188485897146e-05,3.7174366298131645e-05,6.375516386469826e-05,2.6408528356114402e-05,2.6905514459940605e-05,3.376464519533329e-05,1.880531635833904e-05,2.6320809411117807e-05,4.633237040252425e-05,3.0301678634714335e-05,2.577906343503855e-05,2.8274660508031957e-05,4.47261736553628e-05,3.0140779927023686e-05,1.788799090718385e-05,3.530683898134157e-05,2.4158442101906985e-05,2.387986023677513e-05,6.063346882001497e-05,1.9581268134061247e-05,6.412912625819445e-05,2.630442577356007e-05,4.039929626742378e-05,3.411694342503324e-05,2.3602397050126456e-05,4.7622001147828996e-05,4.8736994358478114e-05
1100,1.2824518307752442e-05,1.67327125382144e-05,1.3959709576738533e-05,1.629915823286865e-05,2.237979060737416e-05,2.441389915475156e-05,1.767997491697315e-05,1.6284766388707794e-05,1.698083542578388e-05,1.533143404230941e-05,2.703762766032014e-05,2.195774686697405e-05,1.444346344214864e-05,1.910871833388228e-05,1.8423026631353423e-05,2.4392700652242638e-05,3.8021251384634525e-05,1.916739893204067e-05,2.3351163690676913e-05,1.7299984392593615e-05,2.630416929605417e-05,2.9859496862627566e-05,2.2375919797923416e-05,3.0023458748473786e-05,1.9785215044976212e-05,3.2436604669783264e-05,2.2958254703553393e-05,2.279113141412381e-05,1.4907950571796391e-05,5.0221733545186e-05,2.3254477127920836e-05,3.941827526432462e-05,1.9254774088039994e-05,1.923700619954616e-05,2.4683226001798175e-05,1.9495208107400686e-05,3.566165833035484e-05,5.802598479931476e-06,2.924734326370526e-05,2.006110480579082e-05,7.225243462016806e-05,5.0864287914009765e-05,2.448811210342683e-05,8.767229883233085e-05,3.439957436057739e-05,2.1995127099216916e-05,6.021913213771768e-05,1.6754265743657015e-05,2.3414484530803747e-05,4.117175194551237e-05
1200,1.1837313650175929e-05,1.6590245650149882e-05,1.5110236745385919e-05,1.6646157746436074e-05,1.5575937140965834e-05,1.852203786256723e-05,1.790318128769286e-05,1.6437135855085216e-05,2.580266482254956e-05,2.5611409000703134e-05,1.4186523912940174e-05,3.428773925406858e-05,2.6896081180893816e-05,3.2190626370720565e-05,1.7795508028939366e-05,2.858614971046336e-05,2.4695700631127693e-05,2.4974882762762718e-05,3.1889710953691974e-05,1.594631430634763e-05,2.1294375983416103e-05,2.1362444385886192e-05,3.5459870559861884e-05,2.2749023628421128e-05,2.5910909243975766e-05,6.268476136028767e-05,2.3463442630600184e-05,1.968106153071858e-05,2.0134593796683475e-05,2.4254726668004878e-05,1.4995023775554728e-05,2.5153212845907547e-05,2.943856452475302e-05,2.0262943507987075e-05,5.354560926207341e-05,2.7762018362409435e-05,2.841491914296057e-05,6.939278136997018e-06,1.7607429981580935e-05,3.2109132007462904e-05,2.694248905754648e-05,2.4200810003094375e-05,2.176067209802568e-05,6.803000724175945e-05,6.15889803157188e-05,2.2082673240220174e-05,1.6877946109161712e-05,1.9459479517536238e-05,2.1068337446195073e-05,2.3304930437006988e-05
1300,2.2833653929410502e-05,1.1171958249178715e-05,3.593983637983911e-05,2.777428198896814e-05,4.719810385722667e-05,1.8526983694755472e-05,3.3797921787481755e-05,2.278946340084076e-05,2.131105247826781e-05,3.202854350092821e-05,1.8176689991378225e-05,2.572824632807169e-05,1.636424713069573e-05,2.2989841454545967e-05,1.9920204067602754e-05,2.9012404411332682e-05,1.9339078789926134e-05,3.191057840012945e-05,3.781199484365061e-05,1.9407418221817352e-05,2.270045479235705e-05,2.19327903323574e-05,1.945301119121723e-05,1.8041526345768943e-05,2.448617306072265e-05,2.7541407689568587e-05,2.8554424716276117e-05,2.7867545213666745e-05,2.0947158191120252e-05,5.583114398177713e-05,1.72970012499718e-05,4.131488094571978e-05,3.355909211677499e-05,3.38363170158118e-05,2.5106335669988766e-05,2.029543975368142e-05,3.24469328916166e-05,5.942601546848891e-06,2.0383657101774588e-05,4.029378033010289e-05,4.647290916182101e-05,4.2702511564129964e-05,4.718958371086046e-05,5.5876884289318696e-05,2.4564993509557098e-05,3.309649400762282e-05,1.795933894754853e-05,7.031337008811533e-05,2.565915565355681e-05,3.750565156224184e-05
1400,2.0694589693448506e-05,1.2287933714105748e-05,2.7959160433965735e-05,2.1140027456567623e-05,1.6170191884157248e-05,4.002322384621948e-05,2.137839146598708e-05,2.444983329041861e-05,4.0370607166551054e-05,2.1106437998241745e-05,1.5238552805385552e-05,3.5376295272726566e-05,2.7085228794021532e-05,2.139388379873708e-05,2.0564211808959953e-05,2.188638063671533e-05,2.968455919472035e-05,3.217580888303928e-05,3.0142704417812638e-05,2.349722126382403e-05,3.0186547519406304e-05,2.9246415579109453e-05,2.7584612325881608e-05,5.1310056733200327e-05,2.3589962438563816e-05,4.007700408692472e-05,3.150064731016755e-05,3.78137847292237e-05,2.026030961133074e-05,4.3954034481430426e-05,1.5634177543688565e-05,4.5709675760008395e-05,4.205638470011763e-05,4.087055640411563e-05,3.919181108358316e-05,3.2772393751656637e-05,3.7082336348248646e-05,8.143242666847073e-06,3.225653927074745e-05,2.2112313672550954e-05,2.451474756526295e-05,4.073164382134564e-05,3.404806193429977e-05,2.6969044483848847e-05,3.0384331694222055e-05,3.6570269003277645e-05,2.113747723342385e-05,2.1978637960273772e-05,2.7470639906823635e-05,9.69774991972372e-05
1500,2.2551372239831835e-05,1.841718221839983e-05,2.7860383852384984e-05,1.587696351634804e-05,1.9633320334833115e-05,2.6012896341853775e-05,2.7379313905839808e-05,2.0928686353727244e-05,2.620205304992851e-05,2.1314388504833914e-05,1.6994439647533e-05,2.7303149181534536e-05,2.5576660846127197e-05,3.988234675489366e-05,2.8060459953849204e-05,2.2185173293109983e-05,3.453835233813152e-05,2.6487869035918266e-05,3.0037816031835973e-05,5.580568904406391e-05,3.316078436910175e-05,2.588421011751052e-05,2.208234218414873e-05,3.3025615266524255e-05,2.1866544557269663e-05,3.056419518543407e-05,3.2937638025032356e-05,4.079491554875858e-05,1.9276905732112937e-05,2.6562514904071577e-05,2.4584240236436017e-05,3.432280209381133e-05,3.045087396458257e-05,4.227863610140048e-05,4.86613716930151e-05,4.862445712205954e-05,3.242317689000629e-05,6.319151452771621e-06,4.270224962965585e-05,1.943847382790409e-05,4.478347909753211e-05,3.096278669545427e-05,3.489863229333423e-05,3.726372233359143e-05,2.1544512492255308e-05,4.18883137172088e-05,2.867450166377239e-05,2.485997902113013e-05,3.9364018448395655e-05,3.8966805732343346e-05
1600,2.0165331079624593e-05,1.5911073205643333e-05,1.5063609680510126e-05,1.4484169696515892e-05,3.874797039316036e-05,2.5970097340177745e-05,2.5211071260855533e-05,3.09793722408358e-05,2.16669595829444e-05,2.1211451894487254e-05,2.0222498278599232e-05,2.2909054678166285e-05,2.17911547224503e-05,3.34859432769008e-05,2.1644078515237197e-05,2.212180697824806e-05,2.4622942873975262e-05,2.3972179405973293e-05,4.373144474811852e-05,4.9359554395778105e-05,2.3583610527566634e-05,3.261911479057744e-05,4.102136517758481e-05,1.5103232726687565e-05,2.083322215185035e-05,2.2440639440901577e-05,2.493879946996458e-05,2.8961752832401544e-05,1.7283195120398887e-05,2.588459938124288e-05,1.684705239313189e-05,3.463243774604052e-05,2.965413841593545e-05,3.93595291825477e-05,2.40246099565411e-05,4.462873039301485e-05,3.5622422728920355e-05,1.2693533790297806e-05,5.8755096688400954e-05,3.8998405216261744e-05,2.7438860342954285e-05,3.611676947912201e-05,2.2865802748128772e-05,4.9147252866532654e-05,1.9512244762154296e-05,2.803711140586529e-05,6.176557508297265e-05,1.7115535229095258e-05,2.621118983370252e-05,2.120835051755421e-05
1700,1.9467634047032334e-05,1.5213197912089527e-05,2.053002936008852e-05,1.7065814972738735e-05,1.7346334061585367e-05,1.8724807887338102e-05,2.5582974558346905e-05,2.885570029320661e-05,2.1904797904426232e-05,3.211832154192962e-05,1.595162757439539e-05,2.3932367184897885e-05,1.8035098037216812e-05,2.210407365055289e-05,1.853030153142754e-05,2.1985486455378123e-05,3.338501846883446e-05,1.9682342099258676e-05,2.6056430215248838e-05,2.7945561669184826e-05,3.596720489440486e-05,2.230777135991957e-05,2.9967784939799458e-05,3.882590317516588e-05,3.1438470614375547e-05,4.0505816286895424e-05,2.7032401703763753e-05,2.556947583798319e-05,2.250204124720767e-05,3.953840132453479e-05,1.4697748156322632e-05,3.469067451078445e-05,2.1769281374872662e-05,2.168772516597528e-05,1.998549123527482e-05,2.8842441679444164e-05,3.721518805832602e-05,8.207261089410167e-06,1.9655446521937847e-05,3.6264023947296664e-05,6.388110341504216e-05,2.815178595483303e-05,1.982921821763739e-05,5.827009226777591e-05,5.316363603924401e-05,2.7665488232742064e-05,1.6031779523473233e-05,3.3323631214443594e-05,2.4924614990595728e-05,2.5734610971994698e-05
1800,1.8770671886159107e-05,2.9308805096661672e-05,2.9291883038240485e-05,2.0639985450543463e-05,2.9887023629271425e-05,2.6529001843300648e-05,1.8469894712325186e-05,2.7230355044594035e-05,3.131771518383175e-05,2.3695560230407864e-05,1.6034207874326967e-05,4.381366306915879e-05,2.032516749750357e-05,5.1218543376307935e-05,1.9571180018829182e-05,4.6575361920986325e-05,2.314369885425549e-05,3.089271194767207e-05,2.738693729043007e-05,2.5314506274298765e-05,4.031349817523733e-05,5.373423482524231e-05,2.115674942615442e-05,3.722052133525722e-05,3.648693018476479e-05,5.9410416724858806e-05,4.871206692769192e-05,3.716519131558016e-05,1.8354172425461002e-05,2.959153425763361e-05,2.527447577449493e-05,3.1004234188003466e-05,3.901308446074836e-05,3.2242074667010456e-05,4.7153476771200076e-05,2.3510454411734827e-05,4.6726443542866036e-05,5.944345502939541e-06,2.319121267646551e-05,4.079599239048548e-05,2.130383472831454e-05,3.004919199156575e-05,2.7036054234486073e-05,2.990813118231017e-05,3.8865207898197696e-05,3.8698650314472616e-05,2.5466735678492114e-05,5.889968451811001e-05,5.1241670007584617e-05,2.88776518573286e-05
1900,1.5923667888273485e-05,1.783161496859975e-05,2.110475361405406e-05,2.395442788838409e-05,2.3670756490901113e-05,1.8485869077267125e-05,1.7161812138510868e-05,2.3646833142265677e-05,2.3043083274387754e-05,1.7909334928845055e-05,1.6780386431491934e-05,4.0697326767258346e-05,1.550761407997925e-05,1.6435333236586303e-05,2.445070458634291e-05,2.0565197701216675e-05,2.083511571981944e-05,2.047403722826857e-05,2.21571208385285e-05,2.9120908948243596e-05,2.1579657186521217e-05,2.413315451121889e-05,1.661979331402108e-05,2.0868263163720258e-05,2.23990482481895e-05,1.501756560173817e-05,2.5192128305207007e-05,3.2014038879424334e-05,2.447471888444852e-05,3.355214721523225e-05,1.5975732821971178e-05,3.332686173962429e-05,2.3896140191936865e-05,2.6199948479188606e-05,3.80459641746711e-05,2.2213404008653015e-05,2.6680620067054406e-05,5.248379693512106e-06,6.285498238867149e-05,2.124361890309956e-05,4.6907101932447404e-05,3.119742177659646e-05,2.8227854272699915e-05,1.67982216225937e-05,5.1748174882959574e-05,2.6997155146091245e-05,1.7228085198439658e-05,2.9615774110425264e-05,2.5076913516386412e-05,2.0431665689102374e-05
2000,3.1446703360415995e-05,1.8251612345920876e-05,1.7444421246182173e-05,2.3415510440827347e-05,2.023017077590339e-05,2.5018711312441155e-05,1.871421955002006e-05,2.843121728801634e-05,1.9341567167430185e-05,2.2781347070122138e-05,1.8955275663756765e-05,3.786145680351183e-05,1.9729803170775995e-05,2.2520263883052394e-05,2.711941306188237e-05,2.9967377486173064e-05,2.1227195247774944e-05,3.41767372447066e-05,2.5412296963622794e-05,2.024579771386925e-05,4.1593662899686024e-05,3.073369589401409e-05,2.460555697325617e-05,1.7231432138942182e-05,1.95191205420997e-05,3.53232171619311e-05,2.9712538889725693e-05,2.3292797777685337e-05,1.4053486665943637e-05,3.9022634155116975e-05,2.0102843336644582e-05,7.89744735811837e-05,3.0073377274675295e-05,2.203366057074163e-05,5.779009006801061e-05,2.3400649297400378e-05,5.584089012700133e-05,9.09105256141629e-06,1.5005316527094692e-05,1.7863449102151208e-05,2.4488290364388376e-05,3.001400727953296e-05,2.3170361600932665e-05,1.804152998374775e-05,8.023048576433212e-05,2.369512185396161e-05,4.6059129090281203e-05,4.678201366914436e-05,4.1914005123544484e-05,3.215630567865446e-05
2100,1.387629072269192e-05,1.3631890396936797e-05,2.3165230231825262e-05,1.5187286408036016e-05,2.838953514583409e-05,2.896835758292582e-05,1.2785343642462976e-05,2.024803870881442e-05,4.0863709728000686e-05,1.760250779625494e-05,1.8067285054712556e-05,2.500064692867454e-05,1.8114131307811476e-05,2.0466230125748552e-05,2.5158065909636207e-05,2.393592512817122e-05,2.158680399588775e-05,2.7091064112028107e-05,2.7261519790044986e-05,1.8016005924437195e-05,2.724648038565647e-05,2.6730609533842653e-05,3.0784412956563756e-05,2.9402714062598534e-05,2.8007742002955638e-05,5.010919630876742e-05,1.9528722987161018e-05,2.8894199203932658e-05,2.79059968306683e-05,4.39329378423281e-05,2.2623751647188328e-05,2.3320466425502673e-05,2.193087675550487e-05,4.145432831137441e-05,3.7586225516861305e-05,2.281138404214289e-05,2.891973781515844e-05,8.29542477731593e-06,3.648750498541631e-05,4.8791232984513044e-05,2.7210086045670323e-05,5.728642281610519e-05,2.172442873416003e-05,3.222313534934074e-05,3.1889121601125225e-05,3.729543095687404e-05,5.5589454859727994e-05,2.1423213183879852e-05,2.091060196107719e-05,2.6506180802243762e-05
2200,2.170171865145676e-05,2.066776141873561e-05,1.9681356207001954e-05,1.852250898082275e-05,3.292729161330499e-05,2.8978860427741893e-05,2.1368174202507362e-05,4.061586150783114e-05,2.176654561480973e-05,2.9737107979599386e-05,2.194307126046624e-05,4.17601149820257e-05,1.691659417701885e-05,2.39813143707579e-05,1.782034814823419e-05,3.849462154903449e-05,4.4364031055010855e-05,3.759550236281939e-05,3.125572402495891e-05,2.666663749550935e-05,3.174248558934778e-05,3.1545525416731834e-05,2.8865588319604285e-05,2.2905334844836034e-05,2.2619851733907126e-05,3.105246651102789e-05,2.4411474441876635e-05,2.030764335358981e-05,1.9431841792538762e-05,5.158478961675428e-05,1.910902574309148e-05,3.714404738275334e-05,2.8222302717040293e-05,3.041507261514198e-05,3.2621923310216516e-05,3.261681194999255e-05,3.226806074962951e-05,6.238482910703169e-06,5.653470361721702e-05,2.6363772121840157e-05,3.5012635635212064e-05,6.692876922897995e-05,3.386203752597794e-05,3.47500026691705e-05,2.6494051780900918e-05,3.5646902688313276e-05,2.848039730452001e-05,3.751944313989952e-05,3.1963299989001825e-05,1.9736173271667212e-05
2300,1.8359191017225385e-05,1.1866753084177617e-05,1.7120182747021317e-05,2.2319325580610894e-05,3.216743789380416e-05,2.2157477360451594e-05,1.7421405573259108e-05,2.2492977223009802e-05,2.070076880045235e-05,1.7610056602279656e-05,3.172871583956294e-05,3.257510979892686e-05,2.4565924832131714e-05,2.2043983335606754e-05,1.9880477339029312e-05,2.5730869310791604e-05,3.097436638199724e-05,3.133091013296507e-05,3.2966298022074625e-05,2.4774106350378133e-05,3.3862157579278573e-05,2.4467632101732306e-05,1.891299689305015e-05,2.016597500187345e-05,4.0272148908115923e-05,2.3875467377365567e-05,2.7845593649544753e-05,2.752574800979346e-05,3.208253110642545e-05,3.236284101149067e-05,1.926704862853512e-05,3.4107855753973126e-05,2.3380549464491196e-05,2.6751216864795424e-05,2.9292083127074875e-05,4.115292540518567e-05,4.142305988352746e-05,6.615577603952261e-06,2.2572270609089173e-05,2.975820825668052e-05,2.385479092481546e-05,5.5528060329379514e-05,2.4194978323066607e-05,4.104483377886936e-05,2.34618091781158e-05,2.2234702555579133e-05,3.381941860425286e-05,1.9547358533600345e-05,3.016230766661465e-05,5.250780668575317e-05
2400,2.4887038307497278e-05,2.4923601813497953e-05,4.198984970571473e-05,1.426710696250666e-05,1.9736980902962387e-05,2.2629576051258482e-05,4.274112143320963e-05,2.0721539840451442e-05,2.7825017241411842e-05,2.9492981411749497e-05,1.601530129846651e-05,2.8394908440532163e-05,2.5883444322971627e-05,3.728259980562143e-05,2.219199450337328e-05,5.0535651098471135e-05,3.167701288475655e-05,2.409171975159552e-05,2.816205051203724e-05,2.790103644656483e-05,2.7373323973733932e-05,3.324642239022069e-05,3.492978066788055e-05,2.048176247626543e-05,5.650799721479416e-05,4.856746090808883e-05,4.2203952034469694e-05,2.2482221538666636e-05,3.880921576637775e-05,2.7853549909195863e-05,2.137781302735675e-05,2.7960093575529754e-05,3.2739520975155756e-05,5.021437755203806e-05,2.507854333089199e-05,4.273980448488146e-05,3.327566082589328e-05,6.595506420126185e-06,2.4615546863060445e-05,2.108352964569349e-05,3.249117435188964e-05,4.0630180592415854e-05,3.229359572287649e-05,3.7313158827601e-05,3.417294647078961e-05,4.0116472519002855e-05,3.276778807048686e-05,4.4437583710532635e-05,3.606459722504951e-05,3.147474126308225e-05
2500,1.5241321307257749e-05,2.09035279112868e-05,1.7912891053128988e-05,1.3580575796368066e-05,2.2185224224813282e-05,2.1828749595442787e-05,2.733121618803125e-05,2.2126067051431164e-05,1.9642660845420323e-05,1.866375168901868e-05,1.778619480319321e-05,3.750036557903513e-05,1.8674263628781773e-05,2.9057471692794934e-05,2.341036633879412e-05,2.3318563762586564e-05,2.744285302469507e-05,2.568583659012802e-05,2.815767948050052e-05,2.284140464325901e-05,3.225351247237995e-05,2.3892796889413148e-05,1.6569318177062087e-05,2.907276211772114e-05,2.1611440388369374e-05,4.55321824119892e-05,2.9859744245186448e-05,2.407683859928511e-05,2.0368528566905297e-05,2.8930562621098943e-05,1.9742734366445802e-05,2.8267961170058697e-05,1.7886182831716724e-05,2.8282200219109654e-05,3.138936517643742e-05,3.165120506309904e-05,3.718853258760646e-05,1.4901917893439531e-05,8.826735574984923e-05,6.955282151466236e-05,3.894625842804089e-05,3.9008937164908275e-05,1.9594455807236955e-05,4.211534542264417e-05,2.7770242013502866e-05,2.891670010285452e-05,3.397909677005373e-05,3.209145870641805e-05,3.05557441606652e-05,3.081269096583128e-05
2600,1.3318282071850263e-05,2.966074680443853e-05,2.9121518309693784e-05,1.4099050531513058e-05,2.5044853828148916e-05,1.8105592971551232e-05,2.717443749133963e-05,1.740547850204166e-05,2.4793374905129895e-05,1.6852683984325267e-05,1.4707086847920436e-05,3.281310273450799e-05,2.8222324544913135e-05,3.579211261239834e-05,2.4446495444863103e-05,2.7672338546835817e-05,3.500389721011743e-05,2.3735718059469946e-05,2.8149130230303854e-05,1.8065320546156727e-05,4.817200533580035e-05,2.507587123545818e-05,2.8316195312072523e-05,3.2751257094787434e-05,2.5350811483804137e-05,3.453712270129472e-05,2.3611590222571976e-05,2.9073491532471962e-05,2.0575202142936178e-05,6.302726978901774e-05,2.4448036128887907e-05,3.4945060178870335e-05,2.9126798835932277e-05,3.0096673071966507e-05,5.314034933689982e-05,3.3852149499580264e-05,3.919048322131857e-05,1.3449733160086907e-05,1.8639109839568846e-05,2.0667730495915748e-05,4.140230157645419e-05,3.820204074145295e-05,2.4351766114705242e-05,3.286434366600588e-05,2.4504699467797764e-05,3.7726138543803245e-05,3.571184788597748e-05,3.7399429857032374e-05,4.007118695881218e-05,5.318104012985714e-05
2700,1.6323267118423246e-05,1.3283467524161097e-05,1.9718087060027756e-05,1.7436013877158985e-05,1.8921802620752715e-05,1.6254469301202334e-05,2.541965659474954e-05,2.073412724712398e-05,3.0293849704321474e-05,2.2737960534868762e-05,1.7916305296239443e-05,2.948367182398215e-05,1.708971831249073e-05,2.0789819245692343e-05,2.3620017600478604e-05,3.157180253765546e-05,2.9066983188386075e-05,2.199735536123626e-05,2.8593320166692138e-05,4.7879937483230606e-05,3.467459828243591e-05,2.441983815515414e-05,2.0005674741696566e-05,2.1318612198228948e-05,2.8136490072938614e-05,6.140494951978326e-05,3.4220913221361116e-05,3.699562876136042e-05,2.911083174694795e-05,3.406196992727928e-05,1.5933128452161327e-05,3.867243867716752e-05,3.539861791068688e-05,3.241552258259617e-05,7.675051892874762e-05,3.5279212170280516e-05,4.2600597225828096e-05,7.382688181678532e-06,3.798595571424812e-05,2.1583005946013145e-05,7.117639324860647e-05,2.511815728212241e-05,2.145487451343797e-05,2.4480055799358524e-05,6.940388266230002e-05,3.073563857469708e-05,3.726624709088355e-05,2.1615704099531285e-05,2.866187242034357e-05,2.8829088478232734e-05
2800,2.498706271580886e-05,2.6480896849534474e-05,2.8384525649016723e-05,1.5977422663127072e-05,3.8284404581645504e-05,1.9993101886939257e-05,2.040617800957989e-05,4.877848186879419e-05,4.3076779547845945e-05,3.1322637369157746e-05,1.551321111037396e-05,2.195888737333007e-05,4.0911771066021174e-05,3.074472624575719e-05,1.887319922388997e-05,2.6981435439665802e-05,2.7453495931695215e-05,3.575306982384063e-05,3.34146898239851e-05,2.189389124396257e-05,3.35742297465913e-05,5.345061799744144e-05,6.70583758619614e-05,3.392593134776689e-05,5.162405432201922e-05,2.4363407646887936e-05,2.6629493731888942e-05,3.002056291734334e-05,7.410198304569349e-05,4.6169305278453976e-05,2.7273188607068732e-05,4.4048552808817476e-05,3.8670255889883265e-05,3.822501821559854e-05,3.079129965044558e-05,3.933732659788802e-05,4.980597805115394e-05,1.2798253919754643e-05,4.490682476898655e-05,4.230408740113489e-05,3.8480109651573e-05,4.812138286069967e-05,2.2573667592951097e-05,2.7576399588724598e-05,4.5256623707246035e-05,4.148590232944116e-05,2.2594313122681342e-05,1.9837510990328155e-05,2.97323949780548e-05,2.283081084897276e-05
2900,1.684966446191538e-05,2.1740252122981474e-05,2.1675057723768987e-05,1.677904583630152e-05,1.6240048353211023e-05,2.854902413673699e-05,2.3503358534071594e-05,1.7870110241346993e-05,2.59378593909787e-05,2.5829178412095644e-05,2.2552714654011652e-05,2.6035406335722655e-05,2.0566860257531516e-05,2.9344562790356576e-05,2.1096102500450797e-05,2.0370434867800213e-05,3.441020817263052e-05,2.2506403183797374e-05,3.9344155084108934e-05,2.181703894166276e-05,2.4639164621476084e-05,2.6926776627078652e-05,2.1925463443039916e-05,2.5565690521034412e-05,2.4910543288569897e-05,1.9129738575429656e-05,2.2883585188537836e-05,3.16841178573668e-05,3.080161695834249e-05,3.265380291850306e-05,2.126184517692309e-05,3.103339622612111e-05,2.319659870408941e-05,3.294891575933434e-05,2.4490567739121616e-05,2.733749533945229e-05,3.282257239334285e-05,1.0421639672131278e-05,2.598805440356955e-05,4.0462760807713494e-05,8.982120198197663e-05,3.2147268939297646e-05,2.2038726456230506e-05,4.9677993956720456e-05,2.6896608687820844e-05,2.3192793378257193e-05,1.8225413441541605e-05,2.21685095311841e-05,2.9273502150317654e-05,6.454376125475392e-05
3000,1.5248280760715716e-05,2.242143455077894e-05,2.6969535610987805e-05,1.6984689864329994e-05,1.861710006778594e-05,2.4979477529996075e-05,2.224821764684748e-05,2.2124781025922857e-05,3.2868138077901676e-05,1.8242240912513807e-05,2.2215168428374454e-05,3.859882417600602e-05,1.5464671378140338e-05,2.3506789148086682e-05,2.3527085431851447e-05,2.3002992747933604e-05,2.3379083359031938e-05,2.6570311092655174e-05,3.737265069503337e-05,3.993035716121085e-05,2.8461787223932333e-05,3.0275157769210637e-05,3.1698498787591234e-05,4.978188735549338e-05,2.8695118089672178e-05,2.3780816263752058e-05,2.3857492124079727e-05,2.4832106646499597e-05,2.432551991660148e-05,4.912522854283452e-05,2.0864967154921032e-05,4.809900201507844e-05,2.375623444095254e-05,3.370166814420372e-05,2.5164024918922223e-05,3.4985012462129816e-05,3.9364342228509486e-05,1.2228937521285843e-05,6.339846004266292e-05,2.5859440938802436e-05,3.21331390296109e-05,5.334977322490886e-05,3.9987353375181556e-05,6.464107718784362e-05,2.3188844352262095e-05,3.52349852619227e-05,3.554646536940709e-05,2.4424700313829817e-05,2.6667032216209918e-05,2.937069075414911e-05
3100,2.2041320335119963e-05,1.5928952052490786e-05,4.035797974211164e-05,3.3395230275345966e-05,2.3842623704695143e-05,2.037960075540468e-05,3.357103923917748e-05,4.1927989514078945e-05,1.925803371705115e-05,3.883262616000138e-05,2.2636091671301983e-05,2.9790771804982796e-05,2.9091748729115352e-05,4.487244223128073e-05,3.6441826523514464e-05,2.804746327456087e-05,2.7331307137501426e-05,2.7366051654098555e-05,3.511841714498587e-05,2.0066541765118018e-05,3.481691601336934e-05,3.954119165427983e-05,2.0005536498501897e-05,2.214642518083565e-05,3.672358798212372e-05,3.264803672209382e-05,5.5101012549130246e-05,3.16568766720593e-05,2.685815707081929e-05,5.632057582261041e-05,2.3238020730786957e-05,3.9977847336558625e-05,3.8453188608400524e-05,3.795975135290064e-05,8.440776582574472e-05,3.9816379285184667e-05,3.303660196252167e-05,1.8150674804928713e-05,2.4871795176295564e-05,2.596272315713577e-05,2.3984395738807507e-05,5.768260234617628e-05,2.040530671365559e-05,5.902102930122055e-05,8.827464625937864e-05,3.9080026908777654e-05,1.812068330764305e-05,5.038675953983329e-05,4.431137858773582e-05,3.4929675166495144e-05
3200,1.6088259144453332e-05,1.6711832358851098e-05,2.008526644203812e-05,1.9012766642845236e-05,1.686992618488148e-05,2.09013724088436e-05,2.3037187929730862e-05,2.2044911020202562e-05,2.2643329430138692e-05,1.762019019224681e-05,1.698272899375297e-05,2.1125673811184242e-05,3.5334676795173436e-05,3.35068216372747e-05,2.1942298189969733e-05,2.6485497073736042e-05,3.3907199394889176e-05,3.268676664447412e-05,3.2151787308976054e-05,3.6060890124645084e-05,2.7960642910329625e-05,2.0198036509100348e-05,2.0627967387554236e-05,1.8530216038925573e-05,2.9458029530360363e-05,3.0547180358553305e-05,3.1098803447093815e-05,3.433314122958109e-05,3.1123458029469475e-05,2.8792470402549952e-05,1.8530976376496255e-05,3.688871584017761e-05,2.6188878109678626e-05,2.4518436475773342e-05,5.097654138808139e-05,2.766908801277168e-05,3.0130338927847333e-05,6.271098300203448e-06,3.7357396649895236e-05,3.619652852648869e-05,2.13283346965909e-05,4.159552190685645e-05,2.226826654805336e-05,4.816698856302537e-05,1.9504081137711182e-05,3.6723442462971434e-05,7.283456216100603e-05,3.2392661523772404e-05,3.597808972699568e-05,3.7957055610604584e-05
3300,1.527905806142371e-05,1.2676993719651364e-05,1.8768643712974153e-05,1.6358904758817516e-05,3.174692392349243e-05,2.3518341549788602e-05,2.2068546968512237e-05,2.3270442397915758e-05,2.310151648998726e-05,2.2177602659212425e-05,2.0501549442997202e-05,3.038326212845277e-05,2.6579002224025317e-05,2.5301287678303197e-05,1.9384520783205517e-05,2.3166117898654193e-05,4.0289258322445676e-05,2.267068521177862e-05,3.2215957617154345e-05,4.6963152271928266e-05,2.4959828806458972e-05,2.7721394872060046e-05,1.981157220143359e-05,2.8309754270594567e-05,3.8481921365018934e-05,5.371670704334974e-05,2.4125616619130597e-05,3.154297519358806e-05,2.8000868041999638e-05,3.929572267225012e-05,1.9275832528364845e-05,5.7251101679867133e-05,2.88613373413682e-05,3.12357115035411e-05,3.506316352286376e-05,3.8640897400910035e-05,4.7419543989235535e-05,1.887959660962224e-05,2.0674537154263817e-05,7.320737495319918e-05,2.3641585357836448e-05,3.342238051118329e-05,3.4538228646852076e-05,2.5014993298100308e-05,6.377404497470707e-05,2.6152956706937402e-05,3.228956848033704e-05,3.0484457965940237e-05,2.9409669878077693e-05,5.055328438174911e-05
3400,1.4469325833488256e-05,1.8758060832624324e-05,1.7632077287998982e-05,2.941254024335649e-05,2.5372857635375112e-05,2.5894345526467077e-05,3.7900990719208494e-05,2.3351693016593345e-05,2.6425303076393902e-05,2.4265535103040747e-05,3.064781049033627e-05,2.6235611585434526e-05,3.111443220404908e-05,2.536737338232342e-05,1.817855991248507e-05,3.6140332667855546e-05,2.6210203941445798e-05,2.8662376280408353e-05,2.387519634794444e-05,2.2467451344709843e-05,3.464392648311332e-05,2.328974187548738e-05,2.0022187527501956e-05,1.82390049303649e-05,2.8646352802752517e-05,6.304918497335166e-05,2.552340447437018e-05,2.0257099095033482e-05,3.38770987582393e-05,4.045283640152775e-05,1.9713568690349348e-05,3.3948694181162864e-05,2.648079134814907e-05,3.0410548788495362e-05,3.6338715290185064e-05,3.199335696990602e-05,3.996792293037288e-05,5.797843186883256e-06,2.4558523364248686e-05,2.2189375158632174e-05,4.855220322497189e-05,3.101472611888312e-05,2.1110879970365204e-05,2.1187604943406768e-05,3.0268298360169865e-05,2.0219233192619868e-05,9.495129052083939e-05,6.215278699528426e-05,2.4096712877508253e-05,1.9545392206055112e-05
3500,1.590445936017204e-05,2.108272019540891e-05,1.7625921827857383e-05,2.567188312241342e-05,1.843221798480954e-05,2.237215630884748e-05,2.8378623028402217e-05,2.9466429623425938e-05,2.0551140551106073e-05,2.6587820684653707e-05,1.799470919650048e-05,2.7462478101369925e-05,2.8397320420481265e-05,2.7538442736840807e-05,2.258534550492186e-05,2.654678246472031e-05,2.754830347839743e-05,2.4833543648128398e-05,2.5038898456841707e-05,2.0764386135851964e-05,2.3918704755487852e-05,2.4236558601842262e-05,2.173042594222352e-05,1.720074396871496e-05,3.0124183467705734e-05,1.9501383576425724e-05,4.2514824599493295e-05,2.5171479137497954e-05,2.233648774563335e-05,2.9528921004384756e-05,2.076014061458409e-05,3.690509402076714e-05,2.5437962904106826e-05,3.330850449856371e-05,2.2644499040325172e-05,3.619066046667285e-05,3.272605681559071e-05,9.004124876810238e-06,1.9685354345710948e-05,2.555426544859074e-05,4.017772153019905e-05,5.427177529782057e-05,2.4391125407419167e-05,7.556352647952735e-05,3.294199996162206e-05,3.4053093258989975e-05,3.143021240248345e-05,3.456048943917267e-05,2.9598733817692846e-05,5.574592432822101e-05
3600,2.186847268603742e-05,2.2705613446305506e-05,2.2429871023632586e-05,1.5204052033368498e-05,3.2398540497524664e-05,1.8170438124798238e-05,2.8832260795752518e-05,2.068825051537715e-05,3.945444041164592e-05,1.9813873223029077e-05,1.3116339687258005e-05,2.8690390536212362e-05,2.4547907742089592e-05,2.7908101401408203e-05,1.760054328769911e-05,4.386556975077838e-05,3.6369947338243946e-05,2.867386137950234e-05,4.1314197005704045e-05,4.2845877032959834e-05,2.3629319912288338e-05,2.9915325285401195e-05,1.8510656445869245e-05,5.803890235256404e-05,2.8875636417069472e-05,6.110583490226418e-05,3.360114715178497e-05,2.2952490326133557e-05,1.9551242075976916e-05,3.22848791256547e-05,1.8189231923315674e-05,3.3191485272254795e-05,2.18431196117308e-05,4.926659312332049e-05,7.553501200163737e-05,3.259587174397893e-05,3.1888757803244516e-05,1.903630982269533e-05,8.507085294695571e-05,2.8022472179145552e-05,5.515609518624842e-05,2.5213043045368977e-05,3.2677038689143956e-05,2.7190239052288234e-05,3.6066143366042525e-05,3.578452015062794e-05,2.9323206035769545e-05,3.851806468446739e-05,2.7945350666414015e-05,5.319821138982661e-05
3700,1.5731246094219387e-05,1.4037977962289006e-05,1.9844945200020447e-05,2.0056973880855367e-05,1.6671339835738763e-05,1.9209750462323427e-05,2.9518259907490574e-05,2.6205447284155525e-05,2.7417549063102342e-05,1.8297077986062504e-05,1.4848994396743365e-05,2.5764116799109615e-05,2.0124554794165306e-05,2.32645124924602e-05,2.2987069314694963e-05,2.4771192329353653e-05,3.459537765593268e-05,3.025523983524181e-05,2.8867634682683274e-05,5.717719977837987e-05,2.7650914489640854e-05,2.6078390874317847e-05,1.8400960470899008e-05,2.795460204652045e-05,2.105297244270332e-05,4.6775519876973704e-05,3.222693703719415e-05,2.4977820430649444e-05,2.8504024157882668e-05,3.7270321627147496e-05,1.9950311980210245e-05,2.661678627191577e-05,2.067690365947783e-05,2.437532202748116e-05,4.26609258283861e-05,2.6916224669548683e-05,3.226323678973131e-05,6.85451777826529e-06,2.780338400043547e-05,4.93265142722521e-05,7.479817577404901e-05,4.9047917855205014e-05,3.260328230680898e-05,6.536334694828838e-05,2.914729884651024e-05,2.8586984626599588e-05,2.5086405003094114e-05,5.996342224534601e-05,2.837960528268013e-05,2.4515687982784584e-05
3800,2.0791927454411052e-05,3.2828189432621e-05,1.5868925402173772e-05,2.7711954317055643e-05,2.5372279196744785e-05,2.44501352426596e-05,1.5522718967986293e-05,2.3301805413211696e-05,2.5131934307864867e-05,1.7659440345596522e-05,1.4477665899903513e-05,2.4452701836708002e-05,2.2876853108755313e-05,3.613841545302421e-05,2.083784420392476e-05,2.4076003683148883e-05,4.530992009676993e-05,4.631874253391288e-05,3.6159646697342396e-05,2.58753243542742e-05,3.0235973099479452e-05,2.368146670050919e-05,1.7561373169883154e-05,2.827033313224092e-05,2.3028613213682547e-05,2.5461889890721068e-05,4.6844506869092584e-05,2.4877012037904933e-05,2.070822120003868e-05,2.537399450375233e-05,3.170738636981696e-05,3.701023160829209e-05,3.28577370964922e-05,2.661415419424884e-05,3.284490230726078e-05,2.0395638784975745e-05,3.0695511668454856e-05,5.997531388857169e-06,3.110407487838529e-05,3.599001865950413e-05,3.4026663342956454e-05,2.9762470148853026e-05,2.1776522771688178e-05,2.2714268197887577e-05,2.422784746158868e-05,3.970594116253778e-05,2.2343801902025007e-05,6.150948320282623e-05,2.7369062081561424e-05,3.864169048028998e-05
3900,1.842959682107903e-05,1.7802236470743082e-05,2.5858189474092796e-05,1.907711339299567e-05,2.7273477826383896e-05,1.6266734746750444e-05,2.5699655452626757e-05,2.2224508938961662e-05,2.709318505367264e-05,2.3624799723620526e-05,2.6423515009810217e-05,2.549839518906083e-05,3.721836401382461e-05,3.554179420461878e-05,2.7995951313641854e-05,3.880266740452498e-05,2.1737563656643033e-05,2.3725526261841878e-05,2.224562194896862e-05,4.084788088221103e-05,2.4197273887693882e-05,2.114948074449785e-05,2.5419103621970862e-05,2.457892696838826e-05,3.488108632154763e-05,4.339075167081319e-05,2.2004138372722082e-05,2.5666706278570928e-05,2.874054007406812e-05,3.732297773240134e-05,1.8051017832476646e-05,4.952038580086082e-05,2.7277201297692955e-05,5.500890256371349e-05,2.3616899852640927e-05,3.0766190320719033e-05,4.884511145064607e-05,9.627729923522566e-06,2.283783942402806e-05,3.5268341889604926e-05,4.5126031182007864e-05,5.020405660616234e-05,3.0793056794209406e-05,2.1913365344516933e-05,3.51710659742821e-05,2.6091613108292222e-05,4.3675710912793875e-05,2.1242472939775325e-05,5.448861338663846e-05,3.22495870932471e-05
4000,2.4247316105174832e-05,2.6919698939309455e-05,1.8318945876671933e-05,3.0417928428505547e-05,4.066986366524361e-05,2.8887960070278496e-05,2.356875302211847e-05,2.2811882445239462e-05,2.8150931029813364e-05,2.533492079237476e-05,1.8141479813493788e-05,3.141422348562628e-05,2.0215009499224834e-05,2.113025948347058e-05,2.0335179215180688e-05,3.394998930161819e-05,3.0125629564281553e-05,2.7744243197957985e-05,2.8514163204818033e-05,6.500742165371776e-05,2.38105913012987e-05,2.732845132413786e-05,2.5893912606989034e-05,2.1881838620174676e-05,2.2200410967343487e-05,3.0420262191910297e-05,4.2311789002269506e-05,3.3189648092957214e-05,3.040725459868554e-05,4.344601620687172e-05,2.971080903080292e-05,3.8260212022578344e-05,2.799393405439332e-05,3.524348358041607e-05,5.50087024748791e-05,3.507615110720508e-05,4.735558832180686e-05,8.450751010968816e-06,5.1219794841017574e-05,2.2831480237073265e-05,2.501487688277848e-05,4.7364679630845785e-05,3.294675116194412e-05,2.1944500986137427e-05,9.399782720720395e-05,3.2686748454580083e-05,2.486426274117548e-05,4.283506495994516e-05,3.493025360512547e-05,2.7575781132327393e-05
4100,1.969491677300539e-05,1.490592876507435e-05,2.300147207279224e-05,1.835604416555725e-05,4.2317293264204636e-05,2.0724202840938233e-05,3.569940599845722e-05,1.7711909094941802e-05,3.562465644790791e-05,1.9331419025547802e-05,1.831254303397145e-05,3.426245166338049e-05,1.998482366616372e-05,2.6134121071663685e-05,3.8004502130206674e-05,2.631189454405103e-05,2.4932740416261367e-05,2.1880818167119287e-05,3.44378495356068e-05,2.425728780508507e-05,3.267234569648281e-05,2.8018503144267015e-05,2.386822052358184e-05,4.631351475836709e-05,2.5310679120593704e-05,4.471486681723036e-05,2.8875914722448215e-05,4.4070133299101144e-05,2.716424387472216e-05,2.4212604330386966e-05,2.1273574020597152e-05,2.810276419040747e-05,3.048198232136201e-05,2.2837713913759217e-05,4.4331383833196014e-05,4.188536331639625e-05,6.055188714526594e-05,9.077908543986268e-06,2.9785676815663464e-05,2.5409926820429973e-05,3.8911104638827965e-05,3.8237169064814225e-05,2.8899574317620136e-05,1.7984837541007437e-05,4.003393041784875e-05,5.0872131396317855e-05,2.5967419787775725e-05,3.918348011211492e-05,2.877056431316305e-05,3.8560603570658714e-05
4200,1.5567833543173037e-05,2.1363784981076606e-05,3.173016375512816e-05,1.3567642781708855e-05,4.3901549361180514e-05,2.1925894543528557e-05,1.6231979316216893e-05,2.8055776056135073e-05,1.8932083548861556e-05,2.2809812435298227e-05,1.7212623788509518e-05,3.746573202079162e-05,1.7545691662235186e-05,3.315527646918781e-05,3.399690831429325e-05,3.5343811759958044e-05,2.406129897281062e-05,2.4364855562453158e-05,2.133200177922845e-05,3.0469047487713397e-05,3.250097142881714e-05,4.108085704501718e-05,2.3961247279657982e-05,6.69988730805926e-05,2.405089617241174e-05,2.4116237909765914e-05,3.616905087255873e-05,3.730999742401764e-05,2.6999934561899863e-05,2.3574873921461403e-05,1.5600007827742957e-05,2.72187953669345e-05,2.609104194561951e-05,5.397443237598054e-05,7.626764272572473e-05,2.6687910576583818e-05,3.87721011065878e-05,8.26330688141752e-06,3.159977131872438e-05,2.9464730687323026e-05,3.38401623594109e-05,3.6564350011758506e-05,2.0354087610030547e-05,6.810372724430636e-05,3.5004904930246994e-05,4.884221198153682e-05,2.9628428819705732e-05,1.920919748954475e-05,4.918344711768441e-05,2.5547133191139437e-05
4300,3.163514338666573e-05,1.6378193322452717e-05,2.4977436623885296e-05,2.4088412828859873e-05,2.13298735616263e-05,2.674175993888639e-05,2.7122861865791492e-05,3.072300023632124e-05,5.475058060255833e-05,4.324872497818433e-05,1.9321058061905205e-05,5.5578493629582226e-05,1.5473759049200453e-05,4.821444963454269e-05,2.522485920053441e-05,2.620699342514854e-05,4.116065611015074e-05,2.592694181657862e-05,4.475265450309962e-05,2.2644648197456263e-05,4.777061985805631e-05,2.3975951989996247e-05,1.9931660062866285e-05,1.7203548850375228e-05,2.634360862430185e-05,3.090751124545932e-05,2.3323176719713956e-05,2.8839389415225014e-05,1.957931999641005e-05,2.4608019884908572e-05,2.3656557459617034e-05,6.834440137026832e-05,4.042661021230742e-05,5.0150709284935147e-05,2.9244605684652925e-05,3.70313209714368e-05,4.373248521005735e-05,7.096565695974277e-06,3.301551259937696e-05,3.15899851557333e-05,2.790406324493233e-05,3.9048176404321566e-05,2.782956653391011e-05,2.235740794276353e-05,2.052430500043556e-05,2.9810622436343692e-05,2.503749419702217e-05,4.37547241745051e-05,3.7043559132143855e-05,7.980698865139857e-05
4400,1.9620993043645285e-05,1.8947266653412953e-05,1.706340117380023e-05,1.598930793988984e-05,2.0194131138850935e-05,2.7288762794341892e-05,2.5587221898604184e-05,2.3467639039154164e-05,2.3292241166927852e-05,1.990477721847128e-05,1.8016478861682117e-05,3.1178573408396915e-05,1.805731517379172e-05,2.2402200556825846e-05,2.4404984287684783e-05,2.1901751097175293e-05,3.2198171538766474e-05,2.7385825887904502e-05,2.2987060219747946e-05,2.1484744138433598e-05,3.116057996521704e-05,2.365754517086316e-05,2.354129173909314e-05,4.0119324694387615e-05,3.3886222809087485e-05,4.552106111077592e-05,2.9750783141935244e-05,2.719815711316187e-05,2.2398133296519518e-05,2.8059946998837404e-05,1.6755553588154726e-05,5.442798646981828e-05,2.7092626623925753e-05,2.8408185244188644e-05,5.4432155593531206e-05,3.425243994570337e-05,3.9991431549424306e-05,1.000060910882894e-05,4.08631531172432e-05,1.5914940377115272e-05,2.5500155970803462e-05,3.8927679270273075e-05,2.3008968128124252e-05,7.533473399234936e-05,4.104523395653814e-05,2.546576433815062e-05,6.411305366782472e-05,1.773457188392058e-05,2.9895441912231036e-05,4.4735184928867966e-05
4500,2.9480479497578926e-05,1.897778747661505e-05,3.0042741855140775e-05,1.892038926598616e-05,2.7030144337913953e-05,2.5762663426576182e-05,2.800793299684301e-05,3.513473711791448e-05,2.495248736522626e-05,2.2379612346412614e-05,1.6104808310046792e-05,2.9192024157964624e-05,2.686570951482281e-05,3.3426415029680356e-05,2.231689722975716e-05,2.5473205823800527e-05,3.3222433557966724e-05,2.5923685825546272e-05,2.9605442250613123e-05,2.9211010769358836e-05,3.0076394978095777e-05,3.1767522159498185e-05,1.8431506759952754e-05,3.114600986009464e-05,3.0991286621429026e-05,5.931609121034853e-05,2.9158063625800423e-05,3.366069358889945e-05,2.4404773284913972e-05,3.860176366288215e-05,3.567865860532038e-05,5.2707313443534076e-05,4.687590626417659e-05,4.969146539224312e-05,6.044145629857667e-05,3.438524072407745e-05,3.858043783111498e-05,8.143661034409888e-06,3.394013037905097e-05,2.7738928110920824e-05,8.224659541156143e-05,5.7804099924396724e-05,2.2288484615273774e-05,3.358916364959441e-05,3.265475243097171e-05,3.695557825267315e-05,3.94145208701957e-05,2.490670703991782e-05,3.7264668208081275e-05,2.4367434889427386e-05
4600,1.51739914144855e-05,3.5847020626533777e-05,2.1922733139945194e-05,1.6392090401495807e-05,4.8559890274191275e-05,2.4972530809463933e-05,2.2169742805999704e-05,2.2005320715834387e-05,2.916316589107737e-05,2.7966181733063422e-05,2.589392170193605e-05,4.09391250286717e-05,1.4573919543181546e-05,3.617781840148382e-05,2.1950738300802186e-05,2.828999095072504e-05,3.319857205497101e-05,3.315899084554985e-05,3.258425567764789e-05,2.5065966838155873e-05,3.79822013201192e-05,2.8684127755695954e-05,3.145406299154274e-05,5.0519789510872215e-05,3.736062717507593e-05,5.110136771691032e-05,2.2745964088244364e-05,2.8335340175544843e-05,2.164817306038458e-05,3.2027721317717806e-05,2.8565873435582034e-05,3.68676774087362e-05,3.6501831345958635e-05,4.038338374812156e-05,6.645112443948165e-05,2.8676751753664576e-05,4.224451186018996e-05,9.752920959726907e-06,2.807664350257255e-05,6.578278407687321e-05,3.463948814896867e-05,4.418215394252911e-05,2.8501652195700444e-05,2.6855857868213207e-05,4.378370431368239e-05,2.51620131166419e-05,3.8475478504551575e-05,2.8824026230722666e-05,3.5908604331780225e-05,2.3659595171920955e-05
4700,1.9053506548516452e-05,2.2244850697461516e-05,2.164446959795896e-05,2.30032983381534e-05,3.2594456570222974e-05,2.6397710826131515e-05,2.9977154554217122e-05,2.8854050469817594e-05,2.9216775146778673e-05,5.515813245438039e-05,4.427780004334636e-05,4.367719520814717e-05,1.9620732928160578e-05,3.0731302103959024e-05,1.920932118082419e-05,3.364511940162629e-05,3.518412995617837e-05,2.4545313863200136e-05,2.7640509870252572e-05,5.278877142700367e-05,4.0476981666870415e-05,3.23285348713398e-05,2.082503488054499e-05,2.0641100491047837e-05,2.935906741186045e-05,2.696383307920769e-05,4.6284589188871905e-05,3.075410131714307e-05,3.226061016903259e-05,3.1964162189979106e-05,1.7452077372581698e-05,5.2694267651531845e-05,2.525271884223912e-05,2.6389345293864608e-05,4.147442814428359e-05,4.436347808223218e-05,4.0921688196249306e-05,8.951979907578789e-06,4.5737408072454855e-05,2.0746925656567328e-05,6.67614076519385e-05,5.191965101403184e-05,2.721888813539408e-05,3.0238754334277473e-05,3.7353518564486876e-05,3.9061324059730396e-05,4.325841291574761e-05,2.313163349754177e-05,3.4761902497848496e-05,2.029165261774324e-05
4800,1.8726861526374705e-05,1.4206802916305605e-05,1.8905924662249163e-05,1.8258995623909868e-05,2.130703978764359e-05,1.960682129720226e-05,2.1707657651859336e-05,2.7229878469370306e-05,1.8458069462212734e-05,2.0237304852344096e-05,1.4862390344205778e-05,2.9335986255318858e-05,3.908898725057952e-05,2.915099321398884e-05,2.5477760573267005e-05,4.310772055760026e-05,4.4249623897485435e-05,3.230766378692351e-05,2.7140698875882663e-05,6.044892506906763e-05,2.9208358682808466e-05,3.239999932702631e-05,2.330889219592791e-05,2.5098441255977377e-05,2.247885277029127e-05,3.260997618781403e-05,2.4842182028805837e-05,3.465936242719181e-05,1.8921980881714262e-05,6.096057768445462e-05,3.371483398950659e-05,4.532396997092292e-05,2.7348183721187524e-05,4.963443279848434e-05,2.6401905415696092e-05,4.931767762172967e-05,4.382689803605899e-05,1.0425756045151502e-05,2.8898317395942286e-05,2.8153946914244443e-05,4.4147989683551714e-05,3.222854866180569e-05,2.399998265900649e-05,3.0479346605716273e-05,3.4872031392296776e-05,3.720865788636729e-05,6.404833402484655e-05,1.802299993869383e-05,2.5807468773564324e-05,3.642273077275604e-05
4900,1.9300239728181623e-05,2.3144672013586387e-05,2.121707802871242e-05,2.6832854928215966e-05,2.003482404688839e-05,2.5759316486073658e-05,3.814667434198782e-05,2.413102083664853e-05,3.3911954233190045e-05,2.1916988771408796e-05,1.93837422557408e-05,3.4194155887234956e-05,3.4286211302969605e-05,2.504010080883745e-05,3.3229476684937254e-05,3.675772313727066e-05,2.746481004578527e-05,4.226005694363266e-05,2.691895679163281e-05,6.451018998632208e-05,5.52227720618248e-05,3.363121140864678e-05,1.995429556700401e-05,4.441238706931472e-05,2.6024124963441864e-05,3.1578034395352006e-05,4.541314046946354e-05,3.0277908081188798e-05,2.5315790480817668e-05,2.7447971660876647e-05,2.397635398665443e-05,4.903051012661308e-05,3.0935509130358696e-05,2.4712631784495898e-05,4.284868555259891e-05,2.6790814445121214e-05,4.127073771087453e-05,1.699924723652657e-05,3.355471199029125e-05,5.166504706721753e-05,3.1466755899600685e-05,3.3625459764152765e-05,2.2329657440423034e-05,2.93349821731681e-05,2.1169757019379176e-05,2.743027471296955e-05,5.2560870244633406e-05,2.4622660930617712e-05,3.275134804425761e-05,7.295477553270757e-05
5000,1.3750176549365278e-05,1.9886290829163045e-05,1.9559556676540524e-05,1.4333463695948012e-05,1.787099063221831e-05,1.8335736967856064e-05,3.062060204683803e-05,2.0969064280507155e-05,1.8296534108230844e-05,1.9827661162707955e-05,1.2158706340414938e-05,3.038916111108847e-05,1.596369475009851e-05,2.4482158551109023e-05,1.7721740732667968e-05,3.343787102494389e-05,2.6098012313013896e-05,2.9091672331560403e-05,1.926437471411191e-05,2.5636674763518386e-05,2.3875682018115185e-05,3.192722942912951e-05,3.101214315393008e-05,2.256353764096275e-05,2.7270532882539555e-05,3.313882552902214e-05,2.5874034690787084e-05,2.4807384761516005e-05,1.7130996639025398e-05,3.194111559423618e-05,2.4534443582524545e-05,5.9836562286363915e-05,3.507115980028175e-05,2.088150904455688e-05,7.98172623035498e-05,4.014205114799552e-05,5.2292103646323085e-05,1.423489629814867e-05,4.0040431485977024e-05,2.8039126846124418e-05,3.5604123695520684e-05,3.424839087529108e-05,2.628733273013495e-05,3.255207775509916e-05,1.944674841070082e-05,3.311969339847565e-05,3.916970672435127e-05,5.9059540944872424e-05,3.76000753021799e-05,2.1974623450660147e-05
5100,1.6966376279015094e-05,2.3411350412061438e-05,1.769839036569465e-05,3.2576015655649826e-05,1.993057412619237e-05,2.0816834876313806e-05,2.4921879230532795e-05,4.482411532080732e-05,2.061467239400372e-05,3.015896800206974e-05,2.255850449728314e-05,5.381059963838197e-05,2.43244012381183e-05,3.3463831641711295e-05,1.9185998098691925e-05,2.8651224056375213e-05,4.80948256154079e-05,3.5064171242993325e-05,3.227459092158824e-05,2.3927761503728107e-05,3.496620411169715e-05,3.6219804314896464e-05,2.2757649276172742e-05,3.352213025209494e-05,2.5545870812493376e-05,2.5744580852915533e-05,2.8672977350652218e-05,3.3182226616190746e-05,3.536416625138372e-05,3.1095674785319716e-05,2.8629972803173587e-05,6.275982013903558e-05,2.7398766178521328e-05,4.621120388037525e-05,3.0895447707735e-05,2.938232137239538e-05,4.760975934914313e-05,8.376130608667154e-06,3.180832936777733e-05,3.077720612054691e-05,3.26540794048924e-05,3.454590842011385e-05,4.024108056910336e-05,4.278971755411476e-05,2.5657787773525342e-05,2.5702198399812914e-05,3.39541511493735e-05,3.3872049243655056e-05,6.82581594446674e-05,3.544036007951945e-05
5200,1.729667383187916e-05,1.967392563528847e-05,2.66638417087961e-05,2.5013498088810593e-05,2.0838595446548425e-05,2.2010244720149785e-05,2.8789050702471286e-05,4.030596392112784e-05,3.123203350696713e-05,2.341052640986163e-05,2.9789965992677025e-05,2.6164665541728027e-05,3.055415072594769e-05,4.200209878035821e-05,3.5246415791334584e-05,4.837529195356183e-05,4.6743822167627513e-05,1.9221100956201553e-05,2.2627807993558235e-05,4.0355946111958474e-05,4.4470296415966004e-05,4.4674528908217326e-05,3.295862188679166e-05,3.5486638807924464e-05,3.501349056023173e-05,3.591409040382132e-05,3.227994602639228e-05,3.588942126953043e-05,1.8133807316189632e-05,2.6135030566365458e-05,1.5767904187669046e-05,3.5923229006584734e-05,1.8812756024999544e-05,3.44153268088121e-05,4.3545704102143645e-05,2.7803002012660727e-05,3.4039981983369216e-05,7.834142706997227e-06,1.748854629113339e-05,3.85262792406138e-05,2.9830276616849005e-05,3.220506914658472e-05,2.3686634449404664e-05,6.421458238037303e-05,3.8736590795451775e-05,5.2297269576229155e-05,3.486582136247307e-05,1.9291608623461798e-05,4.824373172596097e-05,2.9539056413341314e-05
